3
5
4
5
14
6
21
4
14
10
4
5
3
55
7
11
12
23
15
8
4
11
42
3
5
54
85
15
5
9
5
10
4
9
5
3
27
15
17
3
3
11
38
3
3
5
6
52
3
106
20
4
6
5
8
3
3
3
4
3
3
49
580
5
7
4
4
4
5
4
4
54
4
4
69
24
5
8
8
13
9
22
3
3
3
10
15
47
4
4
19
3
3
7
17
70
4
11
6
4
4
6
18
4
58
6
11
549
4
6
5
4
8
9
6
28
3
4
13
108
32
7
67
11
6
7
3
30
9
5
3
3
3
39
31
3
6
326
5
4
16
7
5
3
12
40
19
121
3
4
37
3
3
5
15
3
3
21
3
9
3
9
3
4
12
3
3
7
4
4
4
89
81
3
4
6
8
6
3
4
29
5
102
6
22
3
9
22
14
3
11
23
3
15
8
28
6
13
145
3
7
44
12
3
8
10
4
26
3
3
8
3
3
117
7
141
6
4
9
6
8
6
3
4
65
3
5
3
8
14
4
6
6
5
107
3
10
14
21
4
11
4
4
14
3
7
3
3
15
5
8
3
4
8
3
5
4
4
88
35
72
28
477
3
50
3
4
3
7
4
7
4
3
13
6
4
5
3
3
3
4
19
3
3
3
3
21
8
14
4
193
4
26
4
32
3
5
6
5
16
10
3
6
30
4
13
31
61
4
48
5
3
3
24
3
4
11
23
15
20
7
7
13
5
3
18
7
7
6
3
36
4
6
3
19
5
8
3
153
8
3
3
61
5
4
3
14
36
8
30
11
6
6
60
3
269
5
8
4
85
74
70
3
13
140
4
5
8
7
13
3
3
10
4
11
4
89
18
5
9
63
103
8
7
3
3
6
5
4
4
3
38
3
4
3
31
5
5
6
44
5
4
4
21
6
34
53
4
7
5
12
21
8
12
57
149
7
7
13
21
3
6
7
17
3
10
11
6
4
6
44
8
7
31
8
10
5
15
25
3
3
3
3
3
5
12
196
4
6
5
3
3
5
3
4
4
8
3
3
3
28
6
5
3
4
3
4
6
4
3
32
3
10
14
30
24
18
197
7
7
3
4
19
3
4
13
7
4
3
3
17
179
6
9
4
3
3
3
3
4
5
38
37
5
3
3
8
6
4
30
95
21
6
4
124
3
4
3
7
7
9
3
21
5
135
9
20
4
31
10
3
7
6
85
4
4
67
4
4
3
5
3
7
72
3
4
17
26
12
5
39
6
5
6
5
6
6
61
4
4
9
5
19
16
29
4
67
6
4
9
3
26
22
4
94
4
3
3
53
58
6
4
35
31
6
51
4
4
4
4
3
78
3
5
7
4
7
10
4
6
3
13
128
3
21
61
3
3
16
4
57
4
3
36
4
132
13
8
13
4
194
50
4
3
81
3
19
5
3
4
4
59
96
6
9
7
10
39
6
4
7
9
5
3
8
6
163
3
5
4
5
3
398
6
19
4
67
7
7
202
5
3
167
4
9
5
9
6
4
3
4
3
10
4
3
72
4
5
3
5
7
55
3
4
3
4
197
4
31
6
7
3
51
5
4
5
316
3
11
7
8
4
4
50
4
6
35
3
3
6
3
5
7
7
281
4
3
7
4
6
43
8
9
7
7
42
34
6
3
4
5
5
35
29
5
10
6
9
3
6
36
4
9
4
3
6
5
30
434
3
5
6
89
3
23
22
7
6
15
45
8
17
69
63
4
6
32
11
3
11
12
14
9
12
15
13
9
4
3
6
18
61
11
5
5
10
40
4
5
5
10
85
3
3
25
5
5
22
55
9
6
4
54
7
5
4
126
25
17
7
4
44
9
41
5
3
34
8
12
5
23
27
8
5
28
12
3
3
6
15
3
170
4
28
171
3
303
3
3
107
5
22
15
21
3
3
4
7
23
4
3
9
9
3
19
3
8
4
4
3
5
6
3
5
21
57
3
13
4
19
4
4
30
3
78
7
5
3
6
8
3
4
44
14
5
3
3
27
5
32
5
22
7
4
4
7
7
3
3
6
8
7
7
4
42
3
6
89
3
5
6
13
7
9
5
10
4
26
4
15
4
3
7
28
3
9
4
85
5
3
4
3
197
3
3
12
4
5
3
5
4
6
77
10
48
12
38
81
199
3
3
4
12
7
107
6
4
4
8
4
15
16
3
65
6
6
4
4
22
19
4
4
4
3
7
4
25
4
3
3
25
18
4
5
104
3
57
20
10
10
25
5
5
3
20
4
3
7
5
26
38
3
24
9
3
4
5
5
17
15
7
3
8
3
4
14
52
3
23
7
6
4
3
3
3
3
9
3
402
13
8
27
17
7
4
17
3
3
3
8
54
4
4
6
3
12
3
6
5
5
5
12
3
4
3
3
5
11
8
4
46
3
27
5
7
3
79
16
4
8
5
5
3
85
70
55
6
72
6
3
24
3
6
4
3
7
4
57
3
7
12
3
6
5
8
5
4
4
8
15
8
3
4
3
110
4
3
3
26
9
4
28
4
5
3
4
6
5
4
42
18
3
6
5
4
271
56
5
3
25
3
3
6
6
131
3
6
4
4
29
12
4
6
3
4
6
5
5
77
98
3
3
32
5
31
4
3
4
15
4
5
3
5
14
11
11
13
3
20
42
48
4
3
126
15
6
103
23
3
124
10
6
5
8
31
5
9
5
4
4
33
4
9
4
3
7
3
5
3
25
4
3
17
18
5
3
7
4
6
4
5
78
7
12
6
17
3
3
3
4
31
6
5
9
3
11
3
3
6
7
9
6
4
3
4
33
9
4
77
4
3
3
18
3
3
10
6
3
8
11
4
4
3
29
8
6
7
6
7
4
39
5
12
5
9
32
8
4
5
4
4
3
13
3
3
9
59
10
4
37
6
3
52
4
7
3
5
3
61
3
3
8
3
70
3
3
3
4
9
3
4
4
19
17
10
4
7
3
19
3
3
5
12
4
3
11
4
4
3
4
22
18
89
4
41
27
7
34
66
4
6
5
97
5
6
5
47
6
75
3
7
20
6
21
5
3
13
5
3
4
4
3
13
13
4
4
6
8
56
11
3
57
26
4
3
4
14
3
17
4
5
5
9
3
37
9
5
5
4
8
3
3
24
11
18
4
4
3
64
3
3
50
45
3
17
12
23
3
5
5
28
8
3
16
4
46
3
3
5
3
10
3
3
37
6
8
4
16
40
4
67
4
4
19
3
16
4
3
10
5
4
3
12
14
70
7
8
8
4
10
3
3
29
4
6
7
6
76
203
6
8
8
5
3
9
4
8
3
4
4
12
6
3
24
4
4
3
43
138
3
3
3
4
7
5
20
4
5
6
27
6
4
26
4
6
3
6
15
166
15
4
3
4
90
35
4
3
6
3
11
3
79
99
9
5
3
16
4
7
3
4
33
357
3
4
99
4
3
4
3
8
14
3
3
3
12
5
6
63
4
5
3
3
4
18
15
8
4
19
4
27
3
5
7
7
17
5
66
8
3
6
6
29
19
22
60
3
3
26
27
4
42
8
4
20
134
26
24
44
3
12
26
91
3
13
3
5
3
5
4
4
5
20
5
54
5
111
18
68
4
3
7
3
12
6
6
4
4
23
4
4
3
4
3
45
7
29
3
5
3
12
35
3
20
5
13
7
3
10
23
293
36
8
3
4
39
163
15
7
9
3
7
14
60
18
5
3
3
36
6
5
3
9
3
3
4
6
33
3
5
16
5
5
28
4
6
105
3
3
155
3
4
25
5
4
3
3
5
5
3
4
3
3
6
3
3
3
26
3
22
3
7
37
185
8
12
16
6
4
43
8
6
19
4
43
9
4
3
8
11
3
11
4
16
4
7
5
216
4
26
6
8
12
5
37
5
4
9
10
8
12
92
8
22
31
3
4
4
4
112
6
4
38
17
4
4
8
110
9
4
132
12
20
3
3
7
6
4
6
4
4
10
3
11
14
6
4
76
3
77
4
3
5
16
3
10
48
34
3
28
11
4
161
51
3
25
81
4
3
7
52
7
3
5
4
8
137
7
12
5
7
7
4
3
18
5
16
63
192
9
3
6
22
156
5
4
8
6
3
4
4
5
28
3
3
83
4
15
5
7
19
6
5
43
12
38
67
6
6
4
12
3
8
6
17
6
3
3
3
3
147
31
3
31
145
3
17
81
8
3
3
5
21
3
3
4
27
4
3
6
14
93
4
57
5
34
5
59
28
11
28
6
14
17
5
65
9
3
5
3
3
52
3
12
13
10
31
107
4
6
6
13
24
8
41
114
3
39
171
118
3
3
11
229
4
6
3
13
5
3
3
16
3
21
7
7
17
6
4
6
109
9
6
13
4
3
135
10
3
3
7
9
4
4
86
5
101
83
3
7
4
4
4
6
3
3
6
5
7
50
6
8
33
6
130
3
5
4
3
41
25
6
21
3
83
85
6
6
11
4
8
74
44
5
3
23
6
16
6
4
39
143
53
3
4
9
3
185
3
6
4
5
5
127
10
30
8
10
3
4
11
7
20
8
3
3
31
5
17
4
4
53
3
12
40
3
4
4
34
6
55
171
3
40
3
4
60
5
8
60
4
4
4
7
22
44
3
3
5
4
5
58
16
7
38
3
68
13
27
4
4
4
16
5
3
6
16
3
3
5
109
6
42
6
13
3
11
4
3
6
12
15
3
3
4
28
4
6
6
73
5
3
6
4
5
35
5
3
4
90
25
3
29
14
26
3
4
8
110
7
6
3
5
28
4
7
9
7
6
3
4
104
94
4
7
7
71
441
84
11
3
4
3
5
18
23
102
20
5
56
3
48
31
6
11
29
9
15
5
4
3
3
7
6
5
4
90
33
16
28
13
3
3
3
49
3
3
77
15
16
58
4
3
122
5
3
5
5
22
6
12
18
4
12
13
36
3
15
3
49
55
4
4
3
5
3
3
5
8
32
5
34
19
310
5
4
27
8
27
108
5
8
6
5
12
3
12
8
6
5
4
13
15
14
3
3
60
5
42
15
23
6
16
4
11
4
39
25
9
7
4
3
9
4
95
10
7
6
47
25
8
3
3
57
31
10
4
9
5
6
13
6
3
22
3
3
9
7
3
139
6
4
6
3
3
6
4
3
5
4
5
38
3
5
10
10
15
19
3
18
8
4
3
9
3
6
5
6
7
3
9
6
3
3
9
41
8
13
27
3
4
16
65
5
4
6
13
3
3
19
68
5
6
118
4
4
7
50
3
3
4
53
142
102
4
32
4
10
4
13
40
3
35
4
63
110
7
3
3
5
117
35
3
11
3
3
3
4
7
8
24
10
5
8
21
18
3
3
9
21
6
5
100
23
16
12
199
124
3
3
27
160
6
58
7
3
23
56
6
4
5
5
4
9
6
16
3
3
23
4
53
3
3
3
3
4
59
3
19
4
6
7
32
3
5
3
176
7
3
3
4
26
4
12
4
58
3
51
105
23
5
3
3
32
23
4
3
3
390
29
4
60
3
5
8
5
40
3
11
61
4
23
3
6
35
8
4
4
8
4
147
6
4
4
335
7
3
6
28
18
41
10
3
4
11
6
14
22
6
15
3
3
4
17
6
11
3
4
9
4
7
31
3
64
4
3
14
3
6
37
3
78
3
8
14
4
6
4
42
27
156
12
4
5
219
42
80
5
3
8
38
8
59
6
5
52
5
9
8
4
6
3
5
3
4
35
3
16
6
33
4
4
53
6
70
4
3
4
5
4
145
9
30
6
3
6
489
4
42
22
4
62
14
3
6
4
6
4
23
57
9
6
3
3
9
27
4
3
5
17
3
3
4
3
36
3
37
4
4
307
3
6
8
4
8
3
6
13
17
4
35
5
16
6
3
10
3
57
16
4
12
3
16
6
3
276
79
7
15
31
8
3
5
38
9
11
3
3
3
12
3
6
18
3
3
5
115
68
4
4
3
3
8
444
3
7
3
7
3
7
3
3
4
6
8
3
3
3
4
3
13
10
3
7
12
54
13
22
4
5
5
4
55
3
7
9
115
3
7
3
3
3
4
8
3
4
5
3
5
8
3
25
3
4
19
5
5
3
8
26
4
5
3
11
6
45
7
4
53
23
8
58
13
5
6
305
6
10
3
13
11
5
3
17
5
5
3
5
3
43
3
5
12
7
5
4
5
21
3
6
8
4
3
3
34
3
5
4
3
3
9
5
13
3
3
3
10
4
156
5
43
7
6
5
3
9
12
27
7
3
3
7
7
222
14
27
4
3
192
4
4
9
5
120
4
33
15
4
4
5
15
9
9
8
46
7
6
4
3
4
4
49
5
40
6
22
3
11
16
6
3
57
18
9
4
3
105
4
4
39
3
14
4
5
12
16
10
7
8
3
19
4
4
30
6
13
6
5
5
3
5
3
6
5
6
40
5
8
5
5
4
197
287
41
22
6
27
4
16
4
6
8
3
5
3
5
37
12
34
4
3
18
3
58
243
3
4
7
8
9
5
40
3
9
5
5
4
3
7
4
196
3
3
18
4
35
25
4
3
4
32
9
3
6
12
7
11
4
114
5
47
3
8
6
125
7
4
58
12
160
5
4
14
22
5
46
9
4
5
3
6
7
33
4
20
3
47
9
33
10
19
4
8
85
4
4
4
7
5
5
3
20
5
4
8
17
5
184
3
21
10
3
3
7
28
4
36
4
4
6
12
15
3
8
139
8
32
3
15
3
4
6
3
3
7
3
3
5
5
26
7
5
12
3
3
16
15
3
23
7
4
8
283
3
31
4
3
4
14
17
19
5
3
4
9
4
4
5
3
3
17
5
4
41
4
14
6
8
5
7
16
4
4
5
3
7
3
34
79
10
3
3
8
61
3
31
3
8
102
15
16
15
96
186
6
3
4
3
4
3
4
57
10
4
4
7
8
9
36
34
3
7
30
4
19
22
92
12
5
3
3
79
9
12
315
5
4
53
20
9
6
18
3
36
21
5
15
161
6
4
28
4
13
3
9
11
4
5
5
8
7
7
4
4
21
3
3
3
27
4
73
25
4
5
5
4
5
9
80
6
6
7
298
5
5
18
11
4
4
3
67
3
9
63
7
11
22
31
4
9
42
8
11
3
38
46
4
66
3
7
35
3
4
23
3
20
3
5
10
3
11
18
4
3
17
4
3
3
4
7
5
5
21
5
31
4
26
3
39
38
20
38
9
9
82
5
5
3
31
4
4
3
5
22
31
5
4
6
13
9
24
20
9
4
5
3
3
3
6
175
4
4
6
65
3
17
5
12
52
3
140
5
27
71
4
24
4
132
8
7
3
6
7
5
3
3
11
61
25
4
7
8
4
3
7
3
11
3
57
3
96
83
19
184
3
5
6
5
5
38
318
3
4
95
4
575
11
6
6
12
9
32
106
14
7
24
3
7
4
23
3
17
5
10
9
4
5
5
32
5
6
8
3
3
4
7
170
3
29
7
3
3
7
4
3
3
5
4
3
5
6
6
16
6
18
8
152
3
147
3
3
20
3
3
7
4
3
10
3
4
6
4
85
9
3
16
3
3
11
8
88
37
3
3
15
6
14
4
17
10
4
5
3
7
4
93
3
12
9
6
26
26
108
9
163
3
4
7
5
3
54
3
5
16
3
55
4
3
3
9
8
23
4
7
10
246
7
4
68
3
51
4
4
17
16
3
10
291
3
5
3
16
7
3
4
8
7
50
3
3
3
3
4
17
23
3
4
4
3
41
8
6
4
28
10
11
43
65
735
3
20
206
7
5
3
3
12
175
7
11
7
18
18
12
44
3
4
32
10
3
3
4
6
6
3
4
75
4
3
8
3
9
6
4
5
6
5
27
6
3
4
10
3
3
6
3
51
3
3
3
3
12
4
3
3
3
3
43
83
6
5
4
3
3
7
5
120
5
4
19
19
36
14
15
47
7
3
6
3
12
3
20
98
6
11
3
4
9
3
3
6
8
9
68
13
199
28
5
99
3
5
9
100
115
8
3
3
11
5
3
27
13
16
4
4
8
129
15
83
4
18
67
21
192
55
3
4
4
7
3
8
122
3
3
15
3
4
4
12
10
48
18
6
3
3
140
3
4
3
8
5
5
28
3
3
4
4
13
4
24
3
6
9
5
3
34
6
4
3
49
5
10
5
5
4
5
30
7
18
11
3
4
3
24
3
14
25
4
3
5
292
12
108
3
3
30
4
5
3
12
11
3
11
3
11
3
30
44
3
11
36
61
90
3
4
3
25
4
3
4
11
3
20
69
3
3
4
49
5
3
10
4
7
48
3
6
4
3
10
5
3
3
8
3
3
3
132
3
4
4
51
3
42
5
3
3
3
81
6
198
110
4
3
50
12
4
7
4
4
24
5
16
11
3
4
7
7
4
3
3
6
4
4
4
4
13
7
5
8
5
61
5
17
84
5
16
3
3
5
3
3
5
4
3
3
5
32
21
24
4
3
11
19
8
4
5
24
10
3
3
3
10
3
3
3
59
6
3
7
3
7
3
3
4
3
20
16
23
4
7
9
7
8
11
5
8
46
75
5
21
11
4
5
31
4
12
25
3
3
4
11
4
6
40
145
3
3
3
4
52
22
6
5
3
39
7
4
4
19
131
18
3
11
450
7
3
55
3
5
4
4
3
11
7
4
4
7
13
5
34
15
7
11
9
4
19
21
30
6
5
3
5
3
5
42
6
22
36
94
358
16
3
3
21
5
3
4
7
5
7
5
76
4
3
108
13
59
4
129
4
6
5
91
23
5
4
5
6
4
6
3
8
117
3
8
3
64
3
6
7
5
144
3
80
18
22
3
7
4
7
88
3
4
8
5
69
20
25
6
74
5
5
7
7
4
39
4
24
3
3
6
100
54
4
21
6
6
3
3
4
5
5
17
4
6
3
8
3
3
3
23
31
93
3
7
6
13
5
8
6
3
5
23
4
25
17
3
3
4
7
31
85
4
3
7
4
3
4
59
24
154
11
4
112
7
3
5
8
4
29
21
6
22
4
9
47
70
5
3
183
3
5
68
6
193
15
20
181
4
4
39
4
12
95
10
36
6
61
3
15
3
5
6
5
3
67
108
29
35
25
4
41
6
10
3
30
24
21
3
6
12
19
17
6
4
3
7
65
3
4
3
4
3
20
4
8
5
3
6
12
5
148
7
3
6
8
4
6
72
3
27
6
36
3
8
3
23
3
82
38
6
17
77
11
5
39
14
3
27
11
7
13
4
92
13
8
3
4
4
4
7
7
3
3
11
3
58
31
7
19
47
8
5
8
77
52
3
5
5
11
5
7
4
8
4
36
7
7
268
33
5
3
14
16
3
3
7
7
4
4
6
4
4
10
6
34
60
4
4
7
5
4
3
4
3
4
6
3
3
31
15
4
51
7
4
5
4
3
4
4
7
3
3
7
5
16
12
3
4
4
16
8
5
25
9
4
8
5
6
4
19
4
14
6
6
4
3
18
15
3
6
3
3
3
12
68
4
3
7
3
4
3
3
76
4
3
5
13
4
5
8
3
11
8
3
4
6
6
3
48
28
80
3
3
148
11
54
4
6
21
38
6
23
3
3
50
45
6
3
38
4
16
4
3
28
50
4
7
238
28
4
3
12
21
35
3
4
3
28
13
5
3
3
3
7
3
4
7
8
4
3
15
3
3
5
48
26
49
3
4
4
7
21
4
3
10
12
6
77
10
7
7
5
5
74
47
4
40
12
5
189
6
4
5
3
7
3
3
51
3
3
11
3
5
5
17
3
7
4
62
106
8
3
3
7
4
12
9
33
10
10
4
3
14
114
14
39
5
3
3
45
3
33
3
3
79
3
4
3
6
21
4
4
6
29
37
5
7
3
52
21
3
4
3
4
16
3
4
20
3
57
4
42
7
30
3
3
37
3
9
7
4
5
4
11
4
8
5
11
41
35
4
5
4
3
3
3
3
5
4
8
5
3
67
4
4
143
4
8
14
6
3
6
8
15
245
4
5
3
8
4
4
29
14
141
6
5
3
12
5
10
4
6
6
3
36
4
94
92
4
4
3
5
3
6
4
4
24
12
11
73
11
20
39
3
23
3
6
28
3
10
70
7
4
3
5
5
3
4
7
34
3
6
20
8
22
3
31
55
65
4
3
4
3
46
13
17
3
3
3
4
12
5
23
9
3
6
6
10
41
7
6
6
3
3
3
4
23
6
23
3
9
4
6
3
3
80
4
4
8
3
5
8
59
3
124
4
39
8
4
9
50
20
6
81
8
5
6
4
200
10
10
3
4
4
11
5
4
5
93
3
5
9
4
5
4
4
5
3
46
29
20
11
7
5
73
8
82
3
8
22
3
30
52
15
8
5
30
13
3
5
7
4
14
4
7
3
3
4
12
77
5
3
3
3
3
7
217
3
4
4
5
6
64
4
4
3
4
3
26
3
5
3
7
5
103
4
6
5
3
36
4
66
33
7
3
81
6
122
5
3
29
16
10
6
29
76
7
45
3
4
14
100
17
14
3
7
14
31
54
18
78
5
4
212
4
17
3
4
19
13
58
4
15
6
6
24
7
37
4
24
6
7
3
6
27
363
5
3
17
3
4
24
8
9
4
3
5
5
3
9
5
43
7
9
3
3
11
17
13
3
77
13
135
3
3
4
4
80
5
10
15
6
3
85
33
145
165
3
12
9
3
3
80
39
8
6
6
236
3
3
7
41
4
13
6
4
3
6
6
58
9
5
79
3
68
4
71
3
12
6
3
3
4
4
11
6
4
7
100
4
5
22
5
3
7
4
36
3
4
4
6
24
3
5
6
3
5
3
6
14
3
4
3
4
4
5
28
27
5
4
15
3
3
4
4
3
4
8
3
30
30
45
23
6
6
30
17
102
3
5
3
48
3
28
42
6
4
20
8
3
3
44
3
189
64
46
5
13
26
52
3
3
3
18
4
6
62
10
3
4
24
27
63
5
32
4
8
3
10
4
4
3
9
11
5
13
19
3
47
4
3
12
12
24
36
5
11
4
18
12
4
4
3
19
6
12
166
4
3
27
10
3
7
11
5
3
12
3
5
53
29
8
5
3
6
3
7
17
24
14
15
4
5
3
3
23
3
4
74
4
8
101
60
4
3
65
53
5
5
4
4
7
3
9
7
5
11
18
5
15
4
73
4
3
3
7
8
4
3
6
3
4
6
13
67
6
153
3
5
4
10
4
3
23
6
4
4
14
3
4
4
13
6
4
7
150
5
3
9
4
4
10
23
28
13
9
4
6
14
3
5
3
6
77
6
5
7
5
31
12
6
66
119
30
128
251
3
4
3
7
3
4
4
15
6
3
3
3
19
3
3
70
6
11
35
22
4
3
7
4
29
6
3
65
5
3
3
13
7
5
23
72
130
3
6
44
22
6
21
3
5
36
3
4
3
3
265
43
21
88
3
3
4
59
4
21
93
52
7
3
12
7
37
19
11
4
27
65
3
46
3
3
7
3
37
3
30
44
4
4
4
3
5
5
12
5
55
4
14
3
3
6
5
3
6
6
3
4
6
13
11
4
3
3
3
3
11
53
12
3
3
5
73
3
3
11
11
3
45
35
3
31
8
5
4
7
4
7
4
6
23
15
6
3
90
7
3
5
9
7
42
3
46
6
8
15
3
29
5
5
12
6
5
3
7
13
8
7
6
115
4
8
7
8
3
3
6
3
3
4
9
5
4
6
9
3
3
26
4
6
9
11
7
4
4
7
16
4
9
48
34
3
21
4
10
13
3
4
22
5
5
6
6
5
7
3
9
12
11
5
7
6
8
9
3
3
56
3
7
4
5
4
6
9
141
3
50
37
9
5
10
3
3
22
8
65
6
4
28
25
79
7
17
9
6
3
42
5
12
7
3
10
3
4
11
3
4
3
3
42
16
39
3
117
10
84
81
6
8
5
6
32
44
3
4
6
26
290
3
3
36
3
4
3
4
63
4
13
4
10
6
9
6
3
8
69
8
7
14
67
13
7
6
4
5
5
5
4
5
4
3
4
36
3
39
9
3
8
8
14
4
6
13
3
4
41
19
4
19
6
45
3
30
28
4
3
7
28
5
4
34
58
27
3
112
3
180
6
4
17
6
4
16
7
4
8
14
8
38
4
23
139
8
3
5
3
4
50
3
38
6
3
7
19
6
120
7
17
3
31
6
3
7
3
3
3
28
6
60
15
23
16
63
6
5
110
24
14
6
23
7
46
116
5
16
3
9
3
3
12
5
11
3
16
10
6
6
10
9
8
11
8
4
15
10
13
4
3
9
4
3
4
4
4
11
3
3
5
4
3
4
10
4
6
19
48
10
6
5
5
6
5
4
8
3
11
17
31
41
71
7
3
4
4
3
5
6
12
24
6
5
83
4
3
25
4
5
3
8
13
4
3
4
12
12
6
23
8
4
4
5
4
13
3
3
5
10
803
3
3
4
98
5
48
5
8
3
16
92
35
3
7
3
3
3
9
3
25
35
5
5
17
4
42
3
5
8
3
15
136
7
3
7
11
3
4
135
4
3
29
3
45
3
34
30
4
3
3
17
46
22
3
3
5
40
3
3
4
4
3
4
3
3
8
27
58
15
3
9
18
8
4
4
117
3
14
4
7
4
4
3
7
3
7
3
3
5
3
5
18
21
9
42
10
22
10
11
6
4
76
6
3
7
12
18
6
13
3
31
3
8
48
5
210
125
6
28
5
5
6
3
3
18
3
4
40
3
3
92
7
34
3
3
5
4
9
5
3
32
15
28
7
13
22
3
27
3
11
7
3
9
5
3
6
7
15
5
3
3
3
4
3
20
6
7
3
6
6
4
7
8
48
224
4
55
4
12
126
3
23
3
8
3
77
11
8
6
6
3
5
4
7
7
7
3
3
4
3
6
19
3
16
4
3
7
7
17
3
7
6
3
12
15
8
4
22
3
6
31
9
146
8
6
34
14
3
42
4
3
8
60
3
15
3
37
19
3
5
502
4
4
7
3
4
74
4
6
21
5
3
12
30
3
10
13
5
3
15
62
3
258
125
9
4
3
4
6
7
6
4
3
5
10
8
38
3
7
5
11
3
38
10
22
4
3
16
5
3
13
6
37
22
171
12
3
23
74
20
5
20
3
69
3
98
7
5
5
7
160
14
30
6
3
5
3
6
4
46
3
4
13
13
11
20
5
11
4
4
8
5
153
121
3
3
11
6
8
43
6
4
17
3
6
5
3
9
24
20
22
3
22
4
7
43
10
18
28
3
5
30
56
3
3
32
12
5
6
5
5
45
8
58
7
4
104
3
3
5
28
12
47
44
64
3
4
87
9
16
3
8
43
3
6
9
19
4
3
49
3
19
7
3
27
17
4
4
38
4
51
14
10
28
12
9
4
6
3
5
19
4
3
44
12
17
4
255
4
5
14
3
46
3
3
8
3
5
8
130
10
9
3
6
7
58
139
3
5
3
31
21
3
28
32
73
4
25
69
6
16
5
58
58
3
5
11
3
13
12
4
3
4
20
10
272
7
32
4
55
4
235
6
54
3
3
9
3
12
4
6
26
11
36
3
4
3
3
3
3
263
3
6
4
12
12
4
17
26
5
58
8
8
5
5
3
17
5
3
4
4
3
36
27
81
19
6
16
8
3
3
10
60
4
5
5
3
4
12
3
4
5
7
19
26
9
3
27
4
5
39
6
85
3
3
5
4
3
202
5
3
8
6
9
69
3
264
11
3
6
53
213
3
3
157
31
11
5
4
11
5
16
4
4
7
4
7
3
3
49
54
7
43
3
36
81
172
3
32
3
3
19
15
3
3
36
3
7
3
3
59
7
15
47
15
18
6
14
12
7
22
12
9
14
61
3
20
3
55
9
165
3
3
10
4
5
4
10
41
5
7
131
20
19
7
14
4
4
21
5
10
8
3
9
6
5
3
4
3
3
37
8
80
5
3
11
4
4
24
96
23
7
5
5
3
16
4
28
3
3
6
123
4
3
3
73
14
4
8
16
3
12
66
5
8
5
32
4
18
27
24
50
3
10
3
42
248
8
3
6
3
6
79
3
4
5
3
6
6
16
3
6
26
12
25
19
3
6
63
4
4
12
3
8
47
9
6
3
10
3
3
64
3
3
109
5
3
19
74
38
3
3
10
7
7
3
12
15
8
92
18
3
9
14
3
13
6
99
52
4
3
29
7
5
8
3
3
9
5
27
19
4
28
18
6
24
4
6
3
12
19
3
28
3
40
4
11
5
12
3
3
132
90
3
5
5
3
4
11
34
9
3
6
4
5
4
11
8
113
4
3
37
11
8
4
4
12
220
4
102
15
52
10
3
3
3
148
15
3
7
4
13
3
44
3
6
4
3
74
3
40
5
262
4
3
12
20
7
3
6
10
4
4
7
34
32
5
89
5
3
18
4
12
6
4
3
4
17
5
7
32
179
7
4
3
6
9
7
20
19
6
3
9
8
27
33
7
3
3
130
7
45
7
3
14
3
3
3
7
4
3
6
4
3
72
10
3
9
3
7
9
9
8
689
16
18
3
4
8
3
171
33
10
4
68
28
10
6
39
4
6
3
7
23
42
5
147
9
4
6
4
13
12
48
3
8
3
3
3
11
10
3
4
10
30
3
3
41
7
86
12
15
16
4
17
57
6
6
3
8
34
45
3
3
5
4
3
5
5
47
22
28
7
25
17
62
7
6
50
4
4
6
5
3
6
47
13
8
10
12
5
20
4
44
46
15
3
53
4
3
14
6
3
15
18
39
7
453
3
4
15
16
95
17
13
3
6
3
29
9
155
8
3
5
8
13
3
4
14
4
4
7
14
17
3
7
3
3
17
8
47
14
4
8
3
3
12
4
6
7
8
230
6
18
7
3
7
6
30
14
4
6
15
3
3
3
4
3
3
3
29
3
8
3
4
3
3
7
52
13
18
8
115
34
12
23
137
6
4
10
4
12
3
61
10
6
20
5
4
5
4
8
4
3
41
97
4
16
4
4
6
3
94
68
7
9
145
8
3
24
14
17
49
7
6
9
9
3
9
9
3
5
8
4
11
9
3
4
3
6
44
5
4
45
3
4
8
4
31
3
9
8
3
6
3
5
3
4
9
3
6
8
10
113
4
8
3
23
36
4
8
4
7
6
4
70
7
5
77
4
58
3
4
236
3
20
3
3
4
11
5
3
5
7
3
3
7
5
4
13
31
8
3
3
83
115
4
51
157
22
20
15
8
4
3
5
58
3
4
80
128
25
5
16
20
4
4
4
5
3
6
59
3
3
9
4
10
6
162
4
5
56
4
10
95
42
5
6
5
3
6
4
5
9
42
7
4
7
6
3
32
13
24
3
4
5
3
7
4
15
8
4
18
21
7
4
3
4
3
91
13
4
23
25
54
15
7
49
3
4
5
4
44
17
5
22
3
3
8
9
10
70
50
101
71
8
5
3
5
9
3
5
32
3
4
13
20
78
9
6
9
4
133
4
6
3
4
60
10
13
24
4
12
5
4
9
136
3
262
17
111
4
8
4
17
17
4
3
12
50
3
4
4
49
4
16
4
61
4
46
15
6
5
31
5
80
4
109
3
12
3
21
7
4
10
4
6
126
12
7
4
7
3
317
7
22
10
6
29
8
3
4
3
5
79
6
103
3
323
3
4
4
29
6
131
6
4
3
9
11
44
107
110
46
4
27
6
3
3
3
5
8
95
3
5
30
8
3
41
19
5
11
3
36
203
3
126
3
258
10
20
4
6
4
6
6
18
5
3
3
8
25
7
5
65
3
3
3
3
3
106
38
9
19
5
3
5
32
29
8
10
13
105
95
4
4
35
34
3
19
25
37
63
6
14
3
3
4
3
5
6
22
29
6
4
5
3
4
3
4
14
5
7
117
42
6
4
3
106
4
6
8
8
4
4
4
3
9
29
23
137
4
40
11
4
13
22
4
38
6
9
4
3
5
594
37
60
23
93
6
4
3
23
36
28
10
7
4
47
4
12
3
46
4
141
421
3
16
6
4
5
6
40
77
5
3
32
16
9
36
3
26
6
6
11
10
24
28
3
9
10
6
6
32
5
12
3
6
36
3
5
5
11
4
5
4
16
3
7
16
63
8
3
7
4
5
38
10
11
17
14
4
110
4
3
207
3
6
42
75
6
4
33
72
3
60
3
25
20
5
5
3
7
6
3
4
49
9
69
3
5
9
9
3
8
4
7
4
9
8
8
7
3
8
3
4
36
6
6
10
3
3
180
82
9
14
3
3
3
6
3
3
3
18
3
37
4
9
10
6
3
5
3
11
4
71
21
3
3
3
6
5
6
7
5
7
11
28
3
9
4
7
3
4
3
24
46
5
3
6
42
3
3
4
6
5
10
4
52
5
12
94
7
3
4
4
3
19
4
3
47
299
96
4
58
33
18
16
3
3
8
64
4
3
32
3
32
10
3
9
13
3
3
8
40
26
11
3
3
28
32
125
83
3
8
24
5
3
13
39
5
4
15
3
6
18
10
5
13
23
4
5
3
3
4
5
137
5
3
7
69
65
38
3
4
22
3
31
4
11
6
10
4
9
8
3
10
14
5
144
3
5
59
33
3
13
4
89
3
3
431
20
5
6
50
4
3
29
4
5
5
21
5
5
3
228
3
5
3
5
5
39
7
99
3
7
109
28
3
87
3
16
9
3
3
4
3
3
14
131
6
20
3
5
5
4
165
28
3
12
7
3
6
6
157
3
5
11
4
5
4
3
3
5
14
4
5
21
6
18
3
5
4
4
3
3
3
100
4
93
6
87
51
34
3
3
10
70
3
3
115
3
4
5
3
309
8
6
3
4
54
26
5
5
4
3
24
21
41
6
24
4
9
6
8
6
6
3
3
19
5
18
7
4
153
105
4
6
28
6
3
5
5
3
4
16
9
3
3
4
8
4
57
4
5
3
3
6
7
3
113
3
18
12
189
5
29
19
5
55
49
4
8
4
3
5
3
3
4
6
12
8
8
16
11
29
9
6
7
14
6
7
4
4
3
3
3
57
8
4
103
122
6
80
3
80
8
20
23
6
4
10
6
11
3
3
3
5
60
23
15
5
3
4
3
59
3
5
25
3
3
23
5
3
12
22
3
82
4
55
71
25
7
57
61
3
4
3
3
3
72
4
6
13
5
8
5
7
3
6
3
3
3
31
7
27
6
9
3
18
10
13
11
4
3
7
3
19
4
3
3
4
6
3
14
3
5
4
3
4
3
11
55
4
13
20
12
3
4
4
8
21
5
16
4
182
3
5
116
78
7
4
5
12
36
4
11
5
3
10
4
259
3
60
10
8
3
3
3
3
123
4
35
10
10
7
3
4
8
3
4
3
13
46
3
4
3
60
4
3
3
21
4
4
3
5
15
36
4
4
6
3
8
10
24
40
4
27
4
16
27
84
3
14
38
3
7
9
3
37
50
53
27
3
6
118
4
3
53
48
3
5
6
3
13
4
3
3
72
6
7
3
21
5
5
7
4
3
5
26
3
7
4
3
3
34
54
7
5
4
91
3
4
54
3
4
8
26
5
4
5
3
93
3
3
21
11
19
3
18
18
4
3
4
4
17
3
4
8
3
4
4
3
98
9
30
20
13
3
6
22
3
4
25
3
6
8
9
29
3
6
3
10
6
3
14
3
26
4
11
3
6
41
12
15
4
7
27
3
85
14
70
4
14
6
5
17
25
40
4
6
11
9
4
27
3
11
3
3
3
3
3
4
3
3
33
10
3
8
6
4
7
6
74
76
3
3
4
6
3
16
4
4
84
62
22
84
5
16
6
61
3
9
12
3
39
4
5
46
29
7
8
3
33
6
4
3
7
75
15
79
269
3
5
5
33
8
3
3
12
9
3
15
4
3
39
4
6
14
5
10
13
4
3
12
6
3
17
17
10
51
36
5
3
3
83
5
4
5
20
20
9
6
3
3
46
3
6
4
3
4
3
4
33
3
4
7
3
16
4
4
3
79
19
4
6
3
16
3
3
3
13
3
22
4
13
124
3
15
17
9
10
5
3
7
88
3
11
5
4
3
3
4
3
5
8
3
12
154
21
52
3
5
10
12
3
3
5
3
4
5
8
7
125
4
4
11
3
23
11
13
13
3
8
4
25
3
38
29
3
15
44
4
7
5
45
16
178
73
4
3
4
4
4
10
4
18
3
5
3
4
4
4
3
97
22
4
16
5
42
10
17
24
201
7
11
8
8
6
5
4
4
16
92
10
3
4
9
4
4
4
34
5
127
9
3
6
3
11
3
3
4
24
5
4
8
3
7
3
7
3
60
29
13
4
30
3
6
43
5
6
9
30
3
62
4
3
8
4
5
3
3
6
6
3
5
3
12
6
7
4
3
3
11
18
3
72
10
3
94
4
3
7
5
8
6
4
11
11
6
9
140
27
4
3
7
4
5
5
156
28
7
3
4
4
8
6
5
3
24
3
4
4
3
3
3
3
35
4
4
5
5
3
3
6
4
10
6
5
3
38
9
5
3
3
3
5
5
7
3
5
4
3
26
9
4
6
5
6
6
4
24
34
86
3
9
5
5
23
7
10
4
23
58
9
9
3
5
8
3
3
3
5
63
29
3
4
4
8
3
3
3
5
3
3
40
7
9
25
11
7
4
38
16
6
6
3
3
4
6
3
4
5
3
4
3
3
3
5
23
31
3
31
3
3
10
15
3
5
3
13
3
7
38
19
3
11
3
7
8
6
4
4
7
652
18
21
5
6
6
95
3
6
24
4
4
22
7
22
5
3
6
3
9
5
3
8
3
4
5
6
4
4
3
12
3
4
63
6
6
3
3
6
53
4
4
20
11
14
3
72
9
8
4
4
7
5
30
4
15
8
3
6
14
5
3
15
14
12
3
7
9
13
22
224
125
4
4
3
10
25
7
5
9
4
4
6
7
11
4
3
50
4
4
6
5
4
4
6
21
35
3
353
16
15
4
3
4
53
4
8
5
3
56
9
30
8
18
5
8
3
4
3
34
5
4
29
5
9
15
5
10
6
3
6
5
5
10
4
6
12
4
3
97
11
45
3
160
22
3
4
4
13
3
3
4
3
3
4
3
5
17
21
71
4
14
5
41
3
3
6
7
13
3
3
10
9
85
3
36
86
3
9
49
4
3
15
4
37
6
3
3
4
14
12
6
3
5
5
3
7
8
6
4
75
157
11
7
6
5
43
6
38
24
50
72
94
6
13
12
8
13
95
28
9
3
3
4
5
7
4
6
44
7
3
28
26
6
7
72
5
123
9
30
74
4
8
4
15
4
51
34
3
17
76
25
3
4
3
17
31
5
46
80
4
3
6
17
3
3
7
4
3
221
19
7
3
10
6
3
3
13
16
17
8
6
49
7
4
6
3
7
48
13
9
5
82
4
264
10
14
3
15
52
42
3
27
8
145
18
4
15
3
7
3
69
5
6
8
96
17
5
3
4
4
6
7
5
13
4
47
14
13
24
6
4
5
4
3
9
5
16
31
4
6
18
23
3
69
8
10
5
3
3
5
3
4
3
9
6
3
3
3
54
4
5
31
11
3
4
3
3
5
3
3
3
6
4
11
40
6
5
3
3
3
32
5
3
9
136
39
90
3
4
3
50
6
4
15
3
3
14
3
75
9
3
53
3
6
6
4
29
24
7
5
8
11
4
3
11
4
3
13
11
4
15
4
3
8
4
4
8
36
3
9
15
3
4
12
5
5
9
10
100
4
4
3
3
24
3
33
18
4
8
4
6
3
5
4
3
5
8
12
4
304
35
3
7
4
3
13
52
108
105
6
4
8
6
3
27
7
23
5
4
101
3
4
14
3
8
9
10
3
10
4
3
7
15
29
19
3
5
7
3
3
8
5
4
4
10
4
6
7
9
5
29
3
36
51
8
6
138
7
12
18
4
3
3
3
8
5
19
90
4
13
3
6
3
6
5
9
8
13
4
13
14
8
4
3
3
13
3
60
5
5
3
3
6
16
5
10
7
3
4
13
16
17
3
4
26
5
3
3
3
102
30
3
3
3
35
3
3
6
134
8
9
13
39
3
55
6
5
6
33
31
4
8
3
3
15
4
68
4
7
11
6
10
4
4
3
18
21
5
91
14
4
33
10
32
412
13
3
5
14
3
525
58
33
36
7
19
6
5
6
3
8
3
3
3
25
3
30
13
6
3
21
20
22
9
8
5
235
5
29
3
5
82
5
81
36
21
10
5
29
3
40
10
6
3
4
3
14
101
26
3
6
4
5
7
11
30
3
5
3
3
5
44
4
41
39
3
54
4
3
6
5
168
19
15
3
7
24
27
12
4
15
11
54
4
63
5
5
3
7
3
5
3
9
155
21
9
16
3
41
4
29
3
57
8
4
51
3
6
14
9
73
63
5
10
3
8
6
17
3
5
4
59
5
23
10
3
3
20
7
99
4
3
30
26
5
3
3
6
8
17
54
8
8
4
19
8
3
3
3
4
7
9
5
3
5
18
18
17
105
20
12
3
31
7
6
6
28
10
3
3
89
4
7
3
53
4
3
3
3
7
5
6
28
6
30
12
4
39
3
66
59
3
11
5
3
53
35
5
3
12
51
3
3
10
11
3
5
12
7
4
4
5
15
6
44
3
6
9
39
6
5
4
5
8
4
3
138
3
24
5
5
5
4
5
4
7
6
18
3
8
4
36
4
3
3
5
10
109
4
4
3
3
4
11
7
13
4
178
7
46
4
20
5
17
6
13
3
66
4
22
7
6
3
6
6
3
79
11
3
9
19
12
3
3
104
31
122
48
6
5
12
3
4
238
6
4
17
4
12
5
11
3
3
64
4
3
4
24
3
23
4
4
5
5
4
66
54
12
39
7
8
9
3
5
8
6
6
7
53
6
46
3
7
68
29
3
3
3
9
4
3
17
10
10
6
3
16
6
5
8
3
31
64
85
6
4
51
16
58
35
6
46
3
11
4
6
3
4
21
4
4
3
6
17
17
6
4
3
35
7
3
7
135
8
3
13
47
4
18
3
11
4
5
6
53
5
6
13
3
3
3
5
28
4
3
26
6
4
7
15
4
5
8
4
15
3
106
4
12
3
4
6
63
4
4
49
12
29
14
59
35
4
3
13
3
8
5
6
3
48
10
7
3
5
3
4
5
5
4
14
14
3
3
5
6
4
3
5
36
10
29
4
4
93
3
3
13
3
19
6
15
26
121
8
77
4
8
62
3
6
263
3
3
4
3
3
3
3
5
21
8
3
4
3
5
3
3
4
5
30
4
35
8
3
39
8
6
5
3
4
14
38
5
4
7
36
30
3
143
7
5
7
9
33
36
4
7
5
3
7
169
5
4
3
8
18
3
4
118
7
8
26
5
7
103
4
6
44
4
7
4
8
19
3
321
6
6
7
13
8
51
13
7
3
3
32
177
3
48
17
7
5
3
3
5
4
8
47
22
40
7
3
4
4
3
12
56
10
8
12
6
3
18
49
4
5
3
17
5
3
4
5
25
7
4
3
4
7
8
12
57
3
3
3
76
5
4
84
3
4
6
14
108
15
39
3
3
48
35
862
19
36
3
101
8
4
4
12
5
12
8
4
5
4
50
24
7
95
26
3
7
3
33
50
4
3
3
3
9
227
24
34
42
3
4
7
22
7
4
5
9
3
3
20
5
3
87
17
3
128
68
16
4
3
7
11
9
36
5
25
3
4
43
30
4
54
3
17
3
3
5
4
4
3
5
17
4
3
4
29
6
4
5
4
32
3
4
158
3
26
5
13
4
143
45
6
11
36
3
3
6
3
10
3
3
10
14
3
4
4
44
31
15
57
3
6
7
3
24
5
3
7
35
26
3
24
349
4
6
10
6
8
4
3
3
3
5
4
6
17
24
4
4
3
3
77
6
3
4
4
14
3
55
7
5
11
4
4
11
3
5
3
4
3
35
5
5
222
4
6
9
5
11
4
14
3
10
6
13
10
45
13
3
4
8
5
7
8
81
9
7
5
30
4
3
4
5
18
3
4
5
3
5
33
4
16
3
3
64
8
4
4
3
5
4
6
4
7
34
10
13
124
4
3
73
11
75
4
15
8
31
5
21
6
12
13
4
4
16
15
3
4
18
3
4
107
14
62
28
4
3
7
5
11
4
10
100
7
3
6
67
3
7
7
29
5
3
10
46
7
6
5
3
30
3
7
4
8
5
4
3
10
7
8
13
94
4
10
4
5
3
4
5
8
3
11
4
4
8
19
34
34
8
9
5
31
5
6
39
187
5
4
10
22
19
15
18
3
7
7
15
13
3
5
98
3
5
5
10
6
7
3
3
3
8
4
6
3
4
50
20
6
3
17
4
3
8
42
7
12
3
16
60
6
4
3
3
5
3
3
9
12
24
25
9
19
69
5
7
6
4
3
7
7
57
4
17
16
13
6
5
36
4
3
3
6
13
80
46
3
271
17
15
6
3
5
7
8
5
42
74
4
36
4
4
3
4
4
10
22
16
5
6
8
7
5
4
3
23
13
15
16
6
28
6
3
3
15
79
9
3
4
13
4
6
130
20
7
55
4
16
12
3
11
11
3
16
3
79
8
3
6
3
3
4
19
5
5
4
11
12
69
21
4
19
7
21
17
24
7
3
3
8
12
20
3
18
3
3
3
4
6
23
3
59
4
5
21
5
4
10
15
3
24
3
4
12
26
35
3
11
14
4
32
3
65
10
270
3
3
5
3
59
3
3
4
3
11
4
4
3
12
18
5
9
188
4
22
5
3
3
5
4
3
6
227
3
3
5
3
8
75
5
7
69
14
3
3
43
4
11
4
10
4
6
4
18
35
66
51
41
64
4
34
6
41
6
4
6
5
3
28
8
109
3
14
22
5
24
9
106
13
5
4
12
3
56
6
3
3
15
62
13
121
6
15
7
3
4
4
3
8
7
6
13
6
66
3
4
3
6
4
34
5
7
15
3
5
10
4
32
4
17
10
4
4
8
4
4
4
29
4
4
5
12
4
3
32
4
3
3
124
3
22
5
6
3
12
4
3
5
16
6
4
4
9
136
10
3
40
5
3
5
33
461
13
3
76
3
5
74
4
9
8
6
93
9
36
3
112
9
10
47
28
3
3
3
3
4
218
6
9
50
28
4
71
5
3
3
3
17
3
24
4
4
3
3
5
5
11
3
3
3
12
33
5
20
3
3
3
3
8
4
3
30
10
6
3
5
3
4
6
6
7
3
3
4
3
76
19
12
39
4
15
10
3
6
3
181
6
11
3
5
4
4
41
10
4
5
21
23
4
4
6
73
7
20
9
3
17
8
5
11
3
6
10
16
26
5
12
127
5
3
4
9
131
12
3
4
76
7
81
187
4
3
3
40
7
3
29
9
3
3
11
5
4
7
53
26
3
4
15
6
17
8
3
3
4
3
61
7
26
6
11
9
4
4
9
79
4
3
4
3
6
5
6
6
3
9
343
20
4
7
5
4
4
17
4
16
29
9
151
3
49
19
11
5
4
5
3
5
3
14
7
6
132
4
21
3
3
13
4
3
7
3
3
11
31
7
47
4
10
5
4
7
114
4
9
3
5
8
21
3
3
14
5
5
3
4
11
21
38
4
7
4
3
4
4
10
54
3
7
12
3
121
3
4
4
24
28
6
7
5
19
7
4
124
5
3
5
4
5
22
3
32
5
30
33
11
3
119
7
39
3
233
4
4
84
6
5
14
12
3
3
3
4
7
35
3
92
6
4
3
11
3
202
9
152
6
18
33
8
131
79
25
44
5
8
3
52
5
82
3
3
47
4
8
3
6
3
5
4
5
12
4
25
4
3
3
4
98
3
4
4
16
3
3
3
7
9
3
3
5
4
3
3
5
7
278
3
3
11
4
5
16
7
7
3
3
4
3
4
221
6
10
11
7
12
11
3
21
5
88
5
61
5
15
3
3
5
4
24
3
4
20
8
6
4
5
5
5
8
61
8
4
6
4
27
5
42
7
6
26
347
20
6
4
9
5
3
3
184
5
3
3
4
85
3
3
7
3
6
6
3
4
7
7
122
4
10
3
6
6
5
3
5
12
3
8
8
3
3
4
12
8
5
5
5
74
60
23
23
3
4
5
60
37
6
3
20
37
4
14
3
5
4
10
3
4
6
4
25
20
4
4
3
31
74
50
25
3
30
100
4
47
18
3
9
22
5
13
4
5
5
54
4
5
3
20
3
8
8
7
8
5
3
50
3
3
37
10
12
5
3
3
3
3
8
3
46
25
12
4
3
55
6
16
3
3
3
6
3
5
3
4
10
11
5
3
6
4
3
3
3
6
3
3
5
3
5
6
5
23
6
4
6
8
20
39
36
3
3
19
5
56
3
7
38
7
31
5
5
333
6
49
3
16
3
6
38
3
66
5
8
6
7
3
4
7
9
3
5
3
22
11
14
13
3
5
3
3
4
5
3
35
5
5
6
28
3
37
8
16
3
23
16
13
6
21
10
7
11
6
69
46
6
6
4
9
11
3
6
4
7
3
5
4
20
6
8
6
3
10
62
4
10
8
10
10
165
4
7
6
7
94
3
11
14
3
3
7
89
10
3
50
15
3
3
3
9
11
3
6
5
12
7
5
10
6
16
6
9
11
6
8
3
3
15
9
3
87
5
83
49
46
8
15
5
5
3
48
3
4
4
12
7
4
13
4
26
4
9
25
4
8
4
7
3
362
18
29
42
5
69
4
4
3
9
181
6
3
3
4
10
12
3
3
3
10
6
6
4
22
4
3
11
5
71
7
71
4
3
113
3
11
4
4
15
48
19
3
11
3
3
42
9
6
3
4
3
3
5
10
4
3
3
7
13
5
6
6
12
3
3
3
13
3
3
3
3
4
38
7
3
4
5
10
68
46
3
7
19
3
3
5
22
4
10
20
8
29
15
27
3
5
61
7
20
4
4
5
60
6
28
83
20
8
4
11
3
5
10
5
3
8
5
5
5
10
107
3
36
66
4
12
17
3
8
4
3
30
6
6
32
12
6
4
5
6
15
19
7
7
5
10
3
3
5
122
269
7
4
3
4
5
71
6
147
3
21
6
18
3
15
3
14
3
9
4
4
3
6
3
37
17
4
6
10
3
3
9
8
7
20
81
4
10
3
5
5
16
5
90
5
15
78
149
6
3
8
3
10
3
3
4
4
8
8
8
8
66
3
20
3
36
3
5
7
6
30
4
34
4
3
4
3
5
3
3
13
7
229
7
3
29
25
3
4
4
4
3
31
74
25
6
33
3
3
6
4
46
5
4
138
14
3
3
193
8
7
13
24
9
4
5
19
4
25
3
16
21
73
3
9
9
9
6
15
9
9
10
3
3
4
6
3
10
56
6
4
10
5
4
20
3
29
16
34
3
129
84
5
10
461
3
3
11
4
78
9
4
110
3
3
6
3
38
4
22
8
4
4
3
48
3
9
53
6
3
4
6
37
12
6
24
5
41
3
3
4
3
11
3
11
13
5
8
7
6
3
3
11
4
7
5
3
9
3
4
4
40
37
4
6
5
6
3
43
3
11
3
4
3
9
10
8
42
20
87
10
6
3
16
19
29
6
6
7
72
4
4
14
30
17
3
13
68
4
55
9
44
3
6
18
3
4
3
26
3
10
5
5
5
14
8
91
8
3
90
20
3
3
5
3
4
16
3
3
33
4
4
3
3
9
3
4
4
4
5
47
6
214
3
6
4
43
7
17
5
4
121
8
30
13
3
8
3
3
4
35
10
9
4
6
3
40
12
66
4
135
183
4
3
3
66
6
9
10
40
5
120
10
3
37
9
14
6
18
145
10
4
12
3
4
6
27
4
11
12
5
6
3
5
5
139
7
8
9
5
5
55
71
25
7
4
4
30
76
11
6
6
6
24
8
4
79
24
7
9
239
36
8
3
3
51
7
9
3
7
20
7
7
4
162
4
4
3
19
3
3
6
27
12
3
4
3
3
6
4
111
7
3
43
6
4
4
34
3
34
3
6
33
25
27
10
4
9
3
3
32
127
3
3
3
22
23
4
5
17
19
11
19
5
4
3
6
3
56
4
4
4
3
103
6
3
15
3
4
18
25
3
23
11
